{
 "cells": [
  {
   "cell_type": "code",
   "execution_count": 1,
   "id": "70c36557-bcc8-4a8e-887e-73892ce1f629",
   "metadata": {},
   "outputs": [],
   "source": [
    "import pickle\n",
    "import scipy as sp\n",
    "import igl\n",
    "import robust_laplacian\n",
    "\n",
    "import os.path as osp\n",
    "import argparse\n",
    "import numpy as np\n",
    "import torch\n",
    "import smplx\n",
    "import glob\n",
    "import cv2\n",
    "import os\n",
    "import pyrender\n",
    "import trimesh\n",
    "import json\n",
    "from tqdm import tqdm"
   ]
  },
  {
   "cell_type": "code",
   "execution_count": 2,
   "id": "0f433780-3a33-4c65-83cd-38153ca81d41",
   "metadata": {},
   "outputs": [
    {
     "data": {
      "text/plain": [
       "{'global_orient': array([ 0.00492813,  1.6237236 , -0.0699005 ], dtype=float32),\n",
       " 'body_pose': array([-4.19760346e-02,  9.74555463e-02,  1.90463886e-01, -7.47566670e-02,\n",
       "        -7.21446872e-02, -1.57268777e-01, -4.56898585e-02,  4.43277182e-03,\n",
       "         5.37694916e-02, -6.97312132e-02,  8.66318271e-02,  9.14673135e-02,\n",
       "        -1.26157841e-02, -6.44140169e-02, -1.91337466e-02,  5.14160208e-02,\n",
       "        -1.75482202e-02,  8.12641811e-03,  1.33622453e-01,  5.47491647e-02,\n",
       "        -1.69454706e-05,  1.37154654e-01, -3.88579182e-02,  1.61871758e-05,\n",
       "         8.12471882e-02, -8.73514544e-03,  2.21590884e-02,  1.58502371e-05,\n",
       "         1.57070062e-05,  1.54597165e-05,  1.54723148e-05,  1.39889626e-05,\n",
       "        -1.51485538e-05, -1.13553563e-02, -4.63176444e-02, -6.14181906e-02,\n",
       "        -5.00713438e-02,  2.19184086e-01, -1.77930251e-01, -2.58259997e-02,\n",
       "        -1.98528439e-01,  1.84636593e-01,  7.81371593e-02, -1.03415944e-01,\n",
       "         8.63157436e-02, -8.68193135e-02,  5.43496907e-02, -8.56566191e-01,\n",
       "        -1.09648116e-01, -9.27179903e-02,  7.91208029e-01, -1.59979597e-01,\n",
       "        -2.75426865e-01, -1.75795659e-01, -2.29377076e-01,  2.50623375e-01,\n",
       "         1.83308139e-01, -1.88173577e-01,  1.04897760e-01,  2.87338167e-01,\n",
       "        -3.42139035e-01, -1.86785981e-01, -3.18695724e-01], dtype=float32),\n",
       " 'transl': array([-0.27039704,  1.654996  ,  0.06030658], dtype=float32),\n",
       " 'left_hand_pose': array([ 0.24533834,  0.25639087,  1.1378442 ,  1.3050905 , -0.61287695,\n",
       "         0.17628707,  0.594847  , -0.94713193, -0.28204727, -0.8395157 ,\n",
       "         0.7496384 , -0.93790734], dtype=float32),\n",
       " 'right_hand_pose': array([ 0.49076766, -0.12496671,  1.2996953 ,  2.257728  , -1.2435085 ,\n",
       "        -0.4797072 ,  0.87687254, -0.4344589 ,  0.35002387, -0.6775385 ,\n",
       "         0.57533854, -0.52049935], dtype=float32),\n",
       " 'jaw_pose': array([-0.017986  ,  0.03675405,  0.00671673], dtype=float32),\n",
       " 'leye_pose': array([0., 0., 0.], dtype=float32),\n",
       " 'reye_pose': array([0., 0., 0.], dtype=float32),\n",
       " 'expression': array([-1.6293507 ,  1.3311821 , -1.7076031 , -1.077231  , -0.9480654 ,\n",
       "        -1.2887822 , -0.5382567 ,  0.00653149,  1.9424397 ,  1.2784865 ],\n",
       "       dtype=float32),\n",
       " 'betas': array([ 0.02148489, -0.59162635,  0.477685  , -0.7797776 ,  0.1681296 ,\n",
       "        -1.3570437 , -0.10003285,  0.159951  , -0.5020329 , -0.56606394],\n",
       "       dtype=float32)}"
      ]
     },
     "execution_count": 2,
     "metadata": {},
     "output_type": "execute_result"
    }
   ],
   "source": [
    "with open('../00122/Outer/Take9/SMPLX/mesh-f00011_smplx.pkl', 'rb') as file:\n",
    "    smplx_data = pickle.load(file)\n",
    "smplx_data"
   ]
  },
  {
   "cell_type": "code",
   "execution_count": 3,
   "id": "590bdacf-e448-4b29-a873-4ba0ded74182",
   "metadata": {},
   "outputs": [],
   "source": [
    "body_model_param = {\n",
    "    'betas': np.expand_dims(smplx_data['betas'],0),\n",
    "    'expression': np.expand_dims(smplx_data['expression'],0),\n",
    "    'transl': np.expand_dims(smplx_data['transl'],0),\n",
    "    'global_orient': np.expand_dims(smplx_data['global_orient'], 0),\n",
    "    'body_pose': np.expand_dims(smplx_data['body_pose'], 0),\n",
    "    'jaw_pose': np.expand_dims(smplx_data['jaw_pose'], 0),\n",
    "    'leye_pose': np.expand_dims(smplx_data['leye_pose'], 0),\n",
    "    'reye_pose': np.expand_dims(smplx_data['reye_pose'], 0),\n",
    "    'left_hand_pose': np.expand_dims(smplx_data['left_hand_pose'], 0),\n",
    "    'right_hand_pose': np.expand_dims(smplx_data['right_hand_pose'], 0)\n",
    "}"
   ]
  },
  {
   "cell_type": "code",
   "execution_count": 4,
   "id": "a39d54d6-600d-4a8c-ae82-76d4e94bc24f",
   "metadata": {},
   "outputs": [
    {
     "name": "stdout",
     "output_type": "stream",
     "text": [
      "betas shape: (1, 10)\n",
      "expression shape: (1, 10)\n",
      "transl shape: (1, 3)\n",
      "global_orient shape: (1, 3)\n",
      "body_pose shape: (1, 63)\n",
      "jaw_pose shape: (1, 3)\n",
      "leye_pose shape: (1, 3)\n",
      "reye_pose shape: (1, 3)\n",
      "left_hand_pose shape: (1, 12)\n",
      "right_hand_pose shape: (1, 12)\n"
     ]
    }
   ],
   "source": [
    "for key, value in body_model_param.items():\n",
    "    print(f'{key} shape: {value.shape}')"
   ]
  },
  {
   "cell_type": "code",
   "execution_count": 5,
   "id": "5849f9b5-4ee6-4a3d-87ec-3f7aa43ee766",
   "metadata": {},
   "outputs": [],
   "source": [
    "body_model_param_tensor = {\n",
    "    key: torch.tensor(body_model_param[key]) for key in body_model_param.keys()\n",
    "}"
   ]
  },
  {
   "cell_type": "code",
   "execution_count": 6,
   "id": "52376e16-4612-4965-b213-3c7a20678d14",
   "metadata": {},
   "outputs": [
    {
     "name": "stderr",
     "output_type": "stream",
     "text": [
      "/home/yeyiqi/.conda/envs/MyFirst/lib/python3.10/site-packages/smplx/body_models.py:1009: UserWarning: Creating a tensor from a list of numpy.ndarrays is extremely slow. Please consider converting the list to a single numpy.ndarray with numpy.array() before converting to a tensor. (Triggered internally at ../torch/csrc/utils/tensor_new.cpp:278.)\n",
      "  dynamic_lmk_bary_coords = torch.tensor(\n"
     ]
    }
   ],
   "source": [
    "model_folder = '/home/yeyiqi/Documents/repos/GaussianAvatar/assets/smpl_files'\n",
    "model_type = 'smplx'\n",
    "\n",
    "kwargs = dict(\n",
    "        gender='neutral',\n",
    "        num_betas=10,\n",
    "        use_face_contour=True,\n",
    "        num_pca_comps=12,\n",
    "        use_pca=True,\n",
    "        batch_size=1,\n",
    "        ext = 'pkl'\n",
    ")\n",
    "model = smplx.create(\n",
    "    model_path = model_folder,\n",
    "    model_type = model_type,\n",
    "    **kwargs\n",
    ")"
   ]
  },
  {
   "cell_type": "code",
   "execution_count": 7,
   "id": "e9f1da5c-61bf-496a-98d0-4e768b5ba226",
   "metadata": {},
   "outputs": [
    {
     "name": "stdout",
     "output_type": "stream",
     "text": [
      "torch.Size([1, 55, 3, 3])\n"
     ]
    }
   ],
   "source": [
    "output = model(**body_model_param_tensor)"
   ]
  },
  {
   "cell_type": "code",
   "execution_count": 8,
   "id": "90363080-130a-4b53-a816-9780884c87ed",
   "metadata": {},
   "outputs": [],
   "source": [
    "vertices = output.vertices.detach().cpu().numpy().squeeze()\n",
    "joints = output.joints.detach().cpu().numpy().squeeze()\n",
    "faces = model.faces"
   ]
  },
  {
   "cell_type": "code",
   "execution_count": 9,
   "id": "b3c5b46d-ccc8-4e21-a6a5-14f49ee54cc9",
   "metadata": {},
   "outputs": [
    {
     "data": {
      "text/plain": [
       "array([[-0.21869732,  1.9355723 ,  0.0109391 ],\n",
       "       [-0.217415  ,  1.9345828 ,  0.00696669],\n",
       "       [-0.21708615,  1.9359715 ,  0.006282  ],\n",
       "       ...,\n",
       "       [-0.16592452,  1.9516644 ,  0.11792305],\n",
       "       [-0.166757  ,  1.9523582 ,  0.11572537],\n",
       "       [-0.16712812,  1.9530214 ,  0.11338915]], dtype=float32)"
      ]
     },
     "execution_count": 9,
     "metadata": {},
     "output_type": "execute_result"
    }
   ],
   "source": [
    "vertices"
   ]
  },
  {
   "cell_type": "code",
   "execution_count": 10,
   "id": "a0beec2e-bd63-4acf-bfe9-4d463e1b2a89",
   "metadata": {},
   "outputs": [
    {
     "data": {
      "text/plain": [
       "array([[    3,     1,     0],\n",
       "       [    7,     5,     4],\n",
       "       [   12,    14,    13],\n",
       "       ...,\n",
       "       [ 9944, 10097, 10084],\n",
       "       [ 9940, 10084, 10071],\n",
       "       [10071, 10058,  9932]], dtype=uint32)"
      ]
     },
     "execution_count": 10,
     "metadata": {},
     "output_type": "execute_result"
    }
   ],
   "source": [
    "faces"
   ]
  },
  {
   "cell_type": "code",
   "execution_count": 11,
   "id": "7333a5dc-3c0f-4f4e-8a1f-c1dbc8df4599",
   "metadata": {},
   "outputs": [],
   "source": [
    "with open('smplx.ply', 'w') as file:\n",
    "    file.write(f'ply\\n')\n",
    "    file.write(f\"format ascii 1.0\\n\")\n",
    "    file.write(f\"element vertex {len(vertices)}\\n\")\n",
    "    file.write(f\"property float x\\n\")\n",
    "    file.write(f\"property float y\\n\")\n",
    "    file.write(f\"property float z\\n\")\n",
    "    file.write(f\"element face {len(faces)}\\n\")\n",
    "    file.write(f\"property list uchar int vertex_indices\\n\")\n",
    "    file.write(f\"end_header\\n\")\n",
    "    for i in range(len(vertices)):\n",
    "        vertex = vertices[i]\n",
    "        file.write(f\"{vertex[0]} {vertex[1]} {vertex[2]}\\n\")\n",
    "    for face in faces:\n",
    "        file.write(f\"3 {face[0]} {face[1]} {face[2]}\\n\")"
   ]
  },
  {
   "cell_type": "code",
   "execution_count": 12,
   "id": "c2a73ead-7dcd-4fd3-b4b1-ec1e5bf5e046",
   "metadata": {
    "scrolled": true
   },
   "outputs": [
    {
     "data": {
      "text/plain": [
       "{'dynamic_lmk_bary_coords': [array([[0.22900535, 0.58840868, 0.18258597],\n",
       "         [0.52562196, 0.44520835, 0.0291697 ],\n",
       "         [0.62050531, 0.16457369, 0.214921  ],\n",
       "         [0.02810657, 0.6297006 , 0.34219283],\n",
       "         [0.2320207 , 0.24835697, 0.51962233],\n",
       "         [0.341529  , 0.43981666, 0.21865434],\n",
       "         [0.32329773, 0.35568534, 0.32101693],\n",
       "         [0.39990793, 0.43517089, 0.16492117],\n",
       "         [0.62985068, 0.35881678, 0.01133253],\n",
       "         [0.391958  , 0.16314388, 0.44489813],\n",
       "         [0.31645411, 0.37635828, 0.30718761],\n",
       "         [0.26717159, 0.43234462, 0.30048379],\n",
       "         [0.29556018, 0.16840894, 0.53603088],\n",
       "         [0.10611214, 0.60458513, 0.28930273],\n",
       "         [0.29643883, 0.68466573, 0.01889544],\n",
       "         [0.16667023, 0.47798314, 0.35534663],\n",
       "         [0.12019503, 0.20126353, 0.67854144]]),\n",
       "  array([[0.30805641, 0.5211352 , 0.17080839],\n",
       "         [0.43377128, 0.28416408, 0.28206464],\n",
       "         [0.55549374, 0.03407959, 0.41042666],\n",
       "         [0.17123556, 0.54964745, 0.279117  ],\n",
       "         [0.30105242, 0.19476711, 0.50418047],\n",
       "         [0.38830293, 0.4422032 , 0.16949387],\n",
       "         [0.34161948, 0.33789843, 0.32048209],\n",
       "         [0.40880739, 0.42275287, 0.16843975],\n",
       "         [0.62757004, 0.35882084, 0.01360912],\n",
       "         [0.3850839 , 0.16368968, 0.45122641],\n",
       "         [0.30372986, 0.40024606, 0.29602408],\n",
       "         [0.31351986, 0.41810959, 0.26837055],\n",
       "         [0.33455739, 0.11170387, 0.55373874],\n",
       "         [0.22567638, 0.55900873, 0.2153149 ],\n",
       "         [0.19572509, 0.26291317, 0.54136174],\n",
       "         [0.33496699, 0.41928761, 0.24574541],\n",
       "         [0.02766051, 0.76287796, 0.20946153]]),\n",
       "  array([[0.3614138 , 0.47349106, 0.16509514],\n",
       "         [0.33687273, 0.11322431, 0.54990295],\n",
       "         [0.14857436, 0.43372474, 0.41770089],\n",
       "         [0.32809579, 0.45994133, 0.21196287],\n",
       "         [0.37371671, 0.13693659, 0.48934669],\n",
       "         [0.43712536, 0.44180417, 0.12107047],\n",
       "         [0.35897842, 0.32228768, 0.3187339 ],\n",
       "         [0.41620454, 0.41153437, 0.17226109],\n",
       "         [0.62573477, 0.3589898 , 0.01527543],\n",
       "         [0.37710358, 0.16617922, 0.45671719],\n",
       "         [0.28146802, 0.42712763, 0.29140435],\n",
       "         [0.35616789, 0.39638485, 0.24744727],\n",
       "         [0.36452258, 0.06246406, 0.57301337],\n",
       "         [0.33956851, 0.51368076, 0.14675073],\n",
       "         [0.07020057, 0.55308318, 0.37671625],\n",
       "         [0.49383019, 0.3629518 , 0.143218  ],\n",
       "         [0.23697328, 0.65944199, 0.10358474]]),\n",
       "  array([[0.39341171, 0.44227557, 0.16431272],\n",
       "         [0.18643963, 0.76118896, 0.05237141],\n",
       "         [0.34278162, 0.29689397, 0.36032441],\n",
       "         [0.49494604, 0.36372946, 0.14132449],\n",
       "         [0.4483586 , 0.07693117, 0.47471023],\n",
       "         [0.48384623, 0.44148211, 0.07467165],\n",
       "         [0.37269931, 0.30796424, 0.31933645],\n",
       "         [0.41870303, 0.40667822, 0.17461875],\n",
       "         [0.62375035, 0.36053008, 0.01571958],\n",
       "         [0.36480281, 0.16957404, 0.46562314],\n",
       "         [0.2502166 , 0.45620589, 0.29357751],\n",
       "         [0.39416429, 0.36752691, 0.2383088 ],\n",
       "         [0.3863758 , 0.01968102, 0.59394319],\n",
       "         [0.45134522, 0.46803898, 0.0806158 ],\n",
       "         [0.21642075, 0.70554878, 0.07803047],\n",
       "         [0.65040695, 0.30660355, 0.0429895 ],\n",
       "         [0.02229084, 0.50690549, 0.47080367]]),\n",
       "  array([[0.40960853, 0.42354938, 0.16684209],\n",
       "         [0.14724995, 0.79564969, 0.05710036],\n",
       "         [0.52391235, 0.16991574, 0.30617191],\n",
       "         [0.66449103, 0.26667355, 0.06883543],\n",
       "         [0.52369593, 0.01654263, 0.45976144],\n",
       "         [0.52388297, 0.44433607, 0.03178095],\n",
       "         [0.38135356, 0.29401022, 0.32463623],\n",
       "         [0.41399979, 0.41186839, 0.17413183],\n",
       "         [0.62053391, 0.36491639, 0.01454969],\n",
       "         [0.34561433, 0.17263793, 0.48174774],\n",
       "         [0.21207628, 0.4862689 , 0.30165482],\n",
       "         [0.42771142, 0.3332005 , 0.23908807],\n",
       "         [0.58986407, 0.02350124, 0.3866347 ],\n",
       "         [0.56333223, 0.42169567, 0.0149721 ],\n",
       "         [0.06280869, 0.6838642 , 0.2533271 ],\n",
       "         [0.21590838, 0.72167424, 0.06241737],\n",
       "         [0.16412114, 0.1967216 , 0.63915726]]),\n",
       "  array([[0.41730301, 0.41211098, 0.17058601],\n",
       "         [0.07395631, 0.63896994, 0.28707375],\n",
       "         [0.68969675, 0.05553895, 0.2547643 ],\n",
       "         [0.82454872, 0.00326431, 0.17218698],\n",
       "         [0.03735578, 0.56505168, 0.39759254],\n",
       "         [0.44843269, 0.54093645, 0.01063086],\n",
       "         [0.38498255, 0.279578  , 0.33543945],\n",
       "         [0.40242915, 0.42720468, 0.17036617],\n",
       "         [0.61502111, 0.37322334, 0.01175555],\n",
       "         [0.31876357, 0.17428087, 0.50695556],\n",
       "         [0.17003117, 0.51599243, 0.3139764 ],\n",
       "         [0.45846016, 0.2963385 , 0.24520134],\n",
       "         [0.56227113, 0.06574964, 0.37197923],\n",
       "         [0.08189559, 0.32703545, 0.59106896],\n",
       "         [0.55859771, 0.08722048, 0.35418181],\n",
       "         [0.0958531 , 0.72931049, 0.17483641],\n",
       "         [0.12406573, 0.19783313, 0.67810115]]),\n",
       "  array([[0.42490131, 0.40182075, 0.17327794],\n",
       "         [0.0122556 , 0.50076108, 0.48698331],\n",
       "         [0.0620648 , 0.78527104, 0.15266416],\n",
       "         [0.90642423, 0.06628666, 0.02728911],\n",
       "         [0.08689054, 0.59476774, 0.31834172],\n",
       "         [0.44154476, 0.51290378, 0.04555146],\n",
       "         [0.38476599, 0.26399752, 0.3512365 ],\n",
       "         [0.38719545, 0.44879592, 0.16400863],\n",
       "         [0.60679381, 0.3854514 , 0.00775479],\n",
       "         [0.28544961, 0.17368237, 0.54086803],\n",
       "         [0.12729394, 0.54428303, 0.32842303],\n",
       "         [0.48925774, 0.26072328, 0.25001898],\n",
       "         [0.52724015, 0.11411672, 0.35864313],\n",
       "         [0.18824078, 0.21674685, 0.59501237],\n",
       "         [0.3668754 , 0.2321608 , 0.4009638 ],\n",
       "         [0.05512203, 0.2450794 , 0.69979857],\n",
       "         [0.41880163, 0.0654904 , 0.51570797]]),\n",
       "  array([[0.44023557, 0.38677984, 0.17298459],\n",
       "         [0.05212975, 0.59580987, 0.35206038],\n",
       "         [0.18224361, 0.81607012, 0.00168627],\n",
       "         [0.0494995 , 0.82459141, 0.12590909],\n",
       "         [0.1342745 , 0.62610608, 0.23961942],\n",
       "         [0.44973463, 0.48013804, 0.07012733],\n",
       "         [0.38238252, 0.24691552, 0.37070196],\n",
       "         [0.37327221, 0.4701064 , 0.1566214 ],\n",
       "         [0.59659894, 0.40013332, 0.00326774],\n",
       "         [0.24825628, 0.17029711, 0.58144661],\n",
       "         [0.08677628, 0.57055184, 0.34267188],\n",
       "         [0.52337263, 0.23024659, 0.24638077],\n",
       "         [0.47845663, 0.17287118, 0.34867219],\n",
       "         [0.2961731 , 0.10419351, 0.59963339],\n",
       "         [0.18499077, 0.37224134, 0.44276789],\n",
       "         [0.27123179, 0.17497338, 0.55379484],\n",
       "         [0.6441103 , 0.28368523, 0.07220447]]),\n",
       "  array([[0.46867162, 0.36278505, 0.16854333],\n",
       "         [0.10136928, 0.66958298, 0.22904773],\n",
       "         [0.15679693, 0.138749  , 0.70445406],\n",
       "         [0.02294971, 0.71643935, 0.26061095],\n",
       "         [0.17940443, 0.65938836, 0.16120721],\n",
       "         [0.47175107, 0.44439807, 0.08385085],\n",
       "         [0.37939286, 0.22840726, 0.39219989],\n",
       "         [0.36564003, 0.4842484 , 0.15011157],\n",
       "         [0.00127669, 0.41279936, 0.58592396],\n",
       "         [0.21030533, 0.16390984, 0.62578483],\n",
       "         [0.0506315 , 0.59481986, 0.35454864],\n",
       "         [0.56350993, 0.2081039 , 0.22838617],\n",
       "         [0.41172022, 0.2445988 , 0.34368097],\n",
       "         [0.01060973, 0.39852857, 0.5908617 ],\n",
       "         [0.01876312, 0.50472607, 0.47651081],\n",
       "         [0.47969867, 0.10632109, 0.41398024],\n",
       "         [0.00867251, 0.78971986, 0.20160763]]),\n",
       "  array([[0.51197601, 0.3283179 , 0.15970609],\n",
       "         [0.1321664 , 0.72865319, 0.13918041],\n",
       "         [0.12606311, 0.2739608 , 0.59997609],\n",
       "         [0.00653984, 0.61906632, 0.37439384],\n",
       "         [0.22241883, 0.69464094, 0.08294023],\n",
       "         [0.50347356, 0.40809847, 0.08842797],\n",
       "         [0.37686664, 0.208967  , 0.41416636],\n",
       "         [0.36772335, 0.48615343, 0.14612322],\n",
       "         [0.00468691, 0.418213  , 0.57710009],\n",
       "         [0.17458165, 0.15479765, 0.6706207 ],\n",
       "         [0.01983614, 0.61758938, 0.36257448],\n",
       "         [0.61104359, 0.19623652, 0.19271989],\n",
       "         [0.32535082, 0.33001962, 0.34462957],\n",
       "         [0.11727291, 0.43050638, 0.45222071],\n",
       "         [0.36353118, 0.42770712, 0.2087617 ],\n",
       "         [0.66811144, 0.04154506, 0.2903435 ],\n",
       "         [0.39016943, 0.55298141, 0.05684915]]),\n",
       "  array([[0.56839988, 0.28465129, 0.14694883],\n",
       "         [0.14934257, 0.77659631, 0.07406111],\n",
       "         [0.09003181, 0.4091321 , 0.50083608],\n",
       "         [0.47187179, 0.52539858, 0.00272963],\n",
       "         [0.26354389, 0.73155897, 0.00489713],\n",
       "         [0.53882946, 0.37341806, 0.08775247],\n",
       "         [0.37530411, 0.18934871, 0.43534718],\n",
       "         [0.38057922, 0.47387492, 0.14554586],\n",
       "         [0.00709939, 0.41816563, 0.57473498],\n",
       "         [0.14357451, 0.14389441, 0.71253108],\n",
       "         [0.63455105, 0.01087004, 0.35457891],\n",
       "         [0.6657667 , 0.19520474, 0.13902856],\n",
       "         [0.21980598, 0.42836193, 0.35183209],\n",
       "         [0.2283326 , 0.46454102, 0.30712638],\n",
       "         [0.2402956 , 0.34085303, 0.41885136],\n",
       "         [0.80599188, 0.17277882, 0.02122931],\n",
       "         [0.08117804, 0.28515976, 0.63366221]]),\n",
       "  array([[0.63372521, 0.23516848, 0.13110631],\n",
       "         [0.15898225, 0.81771902, 0.02329873],\n",
       "         [0.0481932 , 0.54647314, 0.40533366],\n",
       "         [0.55767728, 0.43616805, 0.00615467],\n",
       "         [0.7236828 , 0.19034997, 0.08596722],\n",
       "         [0.57149487, 0.34155193, 0.0869532 ],\n",
       "         [0.37478463, 0.17033861, 0.45487677],\n",
       "         [0.40292063, 0.44880662, 0.14827275],\n",
       "         [0.00865172, 0.41073006, 0.58061821],\n",
       "         [0.11912656, 0.13277396, 0.74809949],\n",
       "         [0.63768081, 0.04324936, 0.31906983],\n",
       "         [0.72619738, 0.20444488, 0.06935773],\n",
       "         [0.09709794, 0.5378391 , 0.36506296],\n",
       "         [0.3446519 , 0.50159043, 0.15375767],\n",
       "         [0.12520244, 0.26678495, 0.60801261],\n",
       "         [0.87309485, 0.05155756, 0.07534759],\n",
       "         [0.20567308, 0.01430268, 0.78002424]]),\n",
       "  array([[7.02628769e-01, 1.84308824e-01, 1.13062407e-01],\n",
       "         [5.55600604e-02, 8.06144337e-01, 1.38295603e-01],\n",
       "         [3.81369762e-04, 6.86588107e-01, 3.13030523e-01],\n",
       "         [6.35150090e-01, 3.61764813e-01, 3.08509763e-03],\n",
       "         [7.13986274e-01, 1.10695742e-01, 1.75317984e-01],\n",
       "         [5.96681097e-01, 3.12447431e-01, 9.08714721e-02],\n",
       "         [3.75227147e-01, 1.52594923e-01, 4.72177930e-01],\n",
       "         [4.31745636e-01, 4.14988924e-01, 1.53265440e-01],\n",
       "         [9.61434274e-03, 3.95840888e-01, 5.94544770e-01],\n",
       "         [1.02292390e-01, 1.23329529e-01, 7.74378081e-01],\n",
       "         [6.40236144e-01, 7.56007414e-02, 2.84163114e-01],\n",
       "         [1.71634177e-02, 2.06636855e-01, 7.76199727e-01],\n",
       "         [3.49039007e-01, 6.07605026e-01, 4.33559670e-02],\n",
       "         [5.33059798e-01, 4.53522222e-01, 1.34179798e-02],\n",
       "         [1.65602849e-02, 1.99864023e-01, 7.83575692e-01],\n",
       "         [7.40828936e-02, 5.64187246e-02, 8.69498382e-01],\n",
       "         [2.73732019e-01, 6.54902592e-02, 6.60777722e-01]]),\n",
       "  array([[0.76982145, 0.13653897, 0.09363958],\n",
       "         [0.15660751, 0.74947225, 0.09392024],\n",
       "         [0.76139012, 0.05570109, 0.18290879],\n",
       "         [0.00342386, 0.29085791, 0.70571823],\n",
       "         [0.70553318, 0.03235325, 0.26211357],\n",
       "         [0.61223592, 0.28513154, 0.10263254],\n",
       "         [0.3766318 , 0.136631  , 0.4867372 ],\n",
       "         [0.46326623, 0.37783335, 0.15890042],\n",
       "         [0.01021105, 0.37562703, 0.61416192],\n",
       "         [0.09309643, 0.11718205, 0.78972152],\n",
       "         [0.6390332 , 0.11233499, 0.24863181],\n",
       "         [0.10453763, 0.13402606, 0.76143631],\n",
       "         [0.24457156, 0.55389026, 0.20153817],\n",
       "         [0.40940034, 0.36599488, 0.22460479],\n",
       "         [0.1033605 , 0.85903638, 0.03760312],\n",
       "         [0.03064018, 0.15200544, 0.81735438],\n",
       "         [0.43402096, 0.49188762, 0.07409142]]),\n",
       "  array([[0.8307885 , 0.09553993, 0.07367157],\n",
       "         [0.2618177 , 0.68737816, 0.05080414],\n",
       "         [0.82966289, 0.11573854, 0.05459857],\n",
       "         [0.01161805, 0.21950278, 0.76887917],\n",
       "         [0.65206308, 0.30804107, 0.03989584],\n",
       "         [0.61867342, 0.25845529, 0.1228713 ],\n",
       "         [0.3791727 , 0.12288881, 0.4979385 ],\n",
       "         [0.49385947, 0.34264406, 0.16349647],\n",
       "         [0.01053604, 0.35391035, 0.63555362],\n",
       "         [0.09027351, 0.11501226, 0.79471423],\n",
       "         [0.63103703, 0.15722367, 0.2117393 ],\n",
       "         [0.19798753, 0.06057238, 0.74144009],\n",
       "         [0.13914407, 0.49692485, 0.36393108],\n",
       "         [0.27900086, 0.26822898, 0.45277016],\n",
       "         [0.15842027, 0.80059007, 0.04098965],\n",
       "         [0.76218278, 0.22363676, 0.01418046],\n",
       "         [0.4973908 , 0.30171591, 0.20089329]]),\n",
       "  array([[0.88223562, 0.063635  , 0.05412938],\n",
       "         [0.36588059, 0.62318562, 0.01093379],\n",
       "         [0.80349067, 0.09473824, 0.10177109],\n",
       "         [0.02214704, 0.15498222, 0.82287074],\n",
       "         [0.57173228, 0.32462264, 0.10364508],\n",
       "         [0.61832054, 0.23190106, 0.1497784 ],\n",
       "         [0.38306403, 0.11176761, 0.50516836],\n",
       "         [0.52079223, 0.31334784, 0.16585993],\n",
       "         [0.01057623, 0.33499614, 0.65442762],\n",
       "         [0.09123417, 0.11609904, 0.79266679],\n",
       "         [0.61413215, 0.21264229, 0.17322556],\n",
       "         [0.70047557, 0.01584357, 0.28368086],\n",
       "         [0.03596391, 0.43996794, 0.52406815],\n",
       "         [0.14168853, 0.15897698, 0.69933449],\n",
       "         [0.29436641, 0.04234834, 0.66328525],\n",
       "         [0.68442154, 0.22313693, 0.09244154],\n",
       "         [0.54793312, 0.14937565, 0.30269122]]),\n",
       "  array([[0.92236165, 0.04147328, 0.03616507],\n",
       "         [0.42879548, 0.03456832, 0.5366362 ],\n",
       "         [0.71494776, 0.24716521, 0.03788702],\n",
       "         [0.03425186, 0.0999895 , 0.86575864],\n",
       "         [0.50039178, 0.33858462, 0.1610236 ],\n",
       "         [0.61414336, 0.20609826, 0.17975838],\n",
       "         [0.3882503 , 0.1035214 , 0.5082283 ],\n",
       "         [0.54253338, 0.29180276, 0.16566386],\n",
       "         [0.01028568, 0.32222047, 0.66749385],\n",
       "         [0.09247755, 0.11830553, 0.78921692],\n",
       "         [0.58749386, 0.27921537, 0.13329077],\n",
       "         [0.58998662, 0.080899  , 0.32911437],\n",
       "         [0.06208221, 0.61408443, 0.32383335],\n",
       "         [0.03639002, 0.00264532, 0.96096466],\n",
       "         [0.38781068, 0.11647855, 0.49571076],\n",
       "         [0.5969389 , 0.21010348, 0.19295762],\n",
       "         [0.58764958, 0.03213175, 0.38021866]]),\n",
       "  array([[0.95092095, 0.02805823, 0.02102082],\n",
       "         [0.46986937, 0.07241619, 0.45771445],\n",
       "         [0.05303999, 0.3404646 , 0.6064954 ],\n",
       "         [0.04652827, 0.05686049, 0.89661124],\n",
       "         [0.44135954, 0.34954902, 0.20909145],\n",
       "         [0.60880236, 0.18284352, 0.20835411],\n",
       "         [0.39412047, 0.09808755, 0.50779198],\n",
       "         [0.55862244, 0.27785813, 0.16351943],\n",
       "         [0.00966173, 0.31685243, 0.67348584],\n",
       "         [0.0904549 , 0.1185889 , 0.79095621],\n",
       "         [0.55150377, 0.35583248, 0.09266375],\n",
       "         [0.48005546, 0.14542029, 0.37452426],\n",
       "         [0.14872265, 0.66557482, 0.18570253],\n",
       "         [0.78095586, 0.14912305, 0.06992109],\n",
       "         [0.47208116, 0.18246768, 0.34545116],\n",
       "         [0.49833313, 0.18292861, 0.31873826],\n",
       "         [0.36849807, 0.10580534, 0.52569659]]),\n",
       "  array([[0.96891833, 0.02122275, 0.00985892],\n",
       "         [0.49956885, 0.0981039 , 0.40232726],\n",
       "         [0.19684489, 0.34141264, 0.46174247],\n",
       "         [0.0569522 , 0.02702675, 0.91602105],\n",
       "         [0.39815998, 0.35722107, 0.24461896],\n",
       "         [0.60419923, 0.16465198, 0.23114878],\n",
       "         [0.39948421, 0.09502177, 0.50549402],\n",
       "         [0.56924723, 0.270046  , 0.16070677],\n",
       "         [0.00881108, 0.31777781, 0.67341111],\n",
       "         [0.0826085 , 0.11389323, 0.80349826],\n",
       "         [0.50736413, 0.43995868, 0.05267718],\n",
       "         [0.37283185, 0.20859552, 0.41857262],\n",
       "         [0.22932585, 0.71156808, 0.05910606],\n",
       "         [0.53421713, 0.29430479, 0.17147808],\n",
       "         [0.54508251, 0.23551187, 0.21940562],\n",
       "         [0.39074426, 0.1437234 , 0.46553234],\n",
       "         [0.33025199, 0.22011278, 0.44963523]]),\n",
       "  array([[0.97808426, 0.0184682 , 0.00344754],\n",
       "         [0.51624463, 0.11194172, 0.37181365],\n",
       "         [0.27839313, 0.34276598, 0.37884089],\n",
       "         [0.0635228 , 0.01066989, 0.92580731],\n",
       "         [0.37337268, 0.36148653, 0.26514079],\n",
       "         [0.60138873, 0.15375572, 0.24485555],\n",
       "         [0.40301352, 0.09364278, 0.5033437 ],\n",
       "         [0.57490737, 0.26649345, 0.15859918],\n",
       "         [0.00801067, 0.3220038 , 0.66998553],\n",
       "         [0.06817632, 0.10212749, 0.8296962 ],\n",
       "         [0.45663261, 0.52818907, 0.01517831],\n",
       "         [0.27011327, 0.2694207 , 0.46046603],\n",
       "         [0.69501107, 0.23334665, 0.07164228],\n",
       "         [0.29469119, 0.43486676, 0.27044205],\n",
       "         [0.60589014, 0.27264471, 0.12146515],\n",
       "         [0.27881983, 0.09650295, 0.62467722],\n",
       "         [0.29416009, 0.3197048 , 0.38613511]]),\n",
       "  array([[0.97808426, 0.0184682 , 0.00344754],\n",
       "         [0.51624463, 0.11194172, 0.37181365],\n",
       "         [0.27839313, 0.34276598, 0.37884089],\n",
       "         [0.0635228 , 0.01066989, 0.92580731],\n",
       "         [0.37337268, 0.36148653, 0.26514079],\n",
       "         [0.60138873, 0.15375572, 0.24485555],\n",
       "         [0.40301352, 0.09364278, 0.5033437 ],\n",
       "         [0.57490737, 0.26649345, 0.15859918],\n",
       "         [0.00774501, 0.32566631, 0.66658868],\n",
       "         [0.04844421, 0.08289549, 0.8686603 ],\n",
       "         [0.38582228, 0.01227021, 0.60190751],\n",
       "         [0.17265686, 0.32706237, 0.50028077],\n",
       "         [0.62444441, 0.17401509, 0.2015405 ],\n",
       "         [0.07375264, 0.56506553, 0.36118183],\n",
       "         [0.65542985, 0.2942507 , 0.05031944],\n",
       "         [0.16863867, 0.04556642, 0.78579492],\n",
       "         [0.25396811, 0.42536928, 0.32066261]]),\n",
       "  array([[0.97808426, 0.0184682 , 0.00344754],\n",
       "         [0.51624463, 0.11194172, 0.37181365],\n",
       "         [0.27839313, 0.34276598, 0.37884089],\n",
       "         [0.0635228 , 0.01066989, 0.92580731],\n",
       "         [0.37337268, 0.36148653, 0.26514079],\n",
       "         [0.60138873, 0.15375572, 0.24485555],\n",
       "         [0.40301352, 0.09364278, 0.5033437 ],\n",
       "         [0.57490737, 0.26649345, 0.15859918],\n",
       "         [0.00866996, 0.32510345, 0.66622658],\n",
       "         [0.02636278, 0.05771647, 0.91592075],\n",
       "         [0.30425613, 0.03002557, 0.6657183 ],\n",
       "         [0.07933836, 0.38137087, 0.53929077],\n",
       "         [0.55441923, 0.1114863 , 0.33409447],\n",
       "         [0.31156841, 0.55592169, 0.1325099 ],\n",
       "         [0.30367638, 0.69100665, 0.00531698],\n",
       "         [0.06229682, 0.93329522, 0.00440795],\n",
       "         [0.20557632, 0.55090087, 0.24352281]]),\n",
       "  array([[0.97808426, 0.0184682 , 0.00344754],\n",
       "         [0.51624463, 0.11194172, 0.37181365],\n",
       "         [0.27839313, 0.34276598, 0.37884089],\n",
       "         [0.0635228 , 0.01066989, 0.92580731],\n",
       "         [0.37337268, 0.36148653, 0.26514079],\n",
       "         [0.60138873, 0.15375572, 0.24485555],\n",
       "         [0.40301352, 0.09364278, 0.5033437 ],\n",
       "         [0.57490737, 0.26649345, 0.15859918],\n",
       "         [0.01145892, 0.31769486, 0.67084622],\n",
       "         [0.00567056, 0.02960706, 0.96472237],\n",
       "         [0.22493257, 0.043445  , 0.73162244],\n",
       "         [0.5697128 , 0.40778301, 0.02250419],\n",
       "         [0.4828544 , 0.04137089, 0.47577472],\n",
       "         [0.20614896, 0.49351865, 0.30033239],\n",
       "         [0.27387474, 0.68339498, 0.04273028],\n",
       "         [0.89494921, 0.02712254, 0.07792826],\n",
       "         [0.14844604, 0.69830921, 0.15324475]]),\n",
       "  array([[0.97808426, 0.0184682 , 0.00344754],\n",
       "         [0.51624463, 0.11194172, 0.37181365],\n",
       "         [0.27839313, 0.34276598, 0.37884089],\n",
       "         [0.0635228 , 0.01066989, 0.92580731],\n",
       "         [0.37337268, 0.36148653, 0.26514079],\n",
       "         [0.60138873, 0.15375572, 0.24485555],\n",
       "         [0.40301352, 0.09364278, 0.5033437 ],\n",
       "         [0.57490737, 0.26649345, 0.15859918],\n",
       "         [0.01654566, 0.30237085, 0.68108349],\n",
       "         [0.00425324, 0.97415766, 0.0215891 ],\n",
       "         [0.14760834, 0.05289982, 0.79949184],\n",
       "         [0.54362633, 0.2901768 , 0.16619688],\n",
       "         [0.37666944, 0.58590847, 0.03742209],\n",
       "         [0.12050152, 0.4454375 , 0.43406099],\n",
       "         [0.24516832, 0.67417974, 0.08065195],\n",
       "         [0.72289457, 0.09494991, 0.18215551],\n",
       "         [0.08549668, 0.85819404, 0.05630928]]),\n",
       "  array([[0.97808426, 0.0184682 , 0.00344754],\n",
       "         [0.51624463, 0.11194172, 0.37181365],\n",
       "         [0.27839313, 0.34276598, 0.37884089],\n",
       "         [0.0635228 , 0.01066989, 0.92580731],\n",
       "         [0.37337268, 0.36148653, 0.26514079],\n",
       "         [0.60138873, 0.15375572, 0.24485555],\n",
       "         [0.40301352, 0.09364278, 0.5033437 ],\n",
       "         [0.57490737, 0.26649345, 0.15859918],\n",
       "         [0.02386342, 0.27977542, 0.69636116],\n",
       "         [0.03179229, 0.92909462, 0.03911309],\n",
       "         [0.07088326, 0.05942486, 0.86969188],\n",
       "         [0.51819132, 0.15453564, 0.32727304],\n",
       "         [0.22420599, 0.65056961, 0.1252244 ],\n",
       "         [0.05102115, 0.40816584, 0.54081302],\n",
       "         [0.21661326, 0.65913582, 0.12425092],\n",
       "         [0.58316502, 0.14619499, 0.27063999],\n",
       "         [0.01540923, 0.9590953 , 0.02549547]]),\n",
       "  array([[0.97808426, 0.0184682 , 0.00344754],\n",
       "         [0.51624463, 0.11194172, 0.37181365],\n",
       "         [0.27839313, 0.34276598, 0.37884089],\n",
       "         [0.0635228 , 0.01066989, 0.92580731],\n",
       "         [0.37337268, 0.36148653, 0.26514079],\n",
       "         [0.60138873, 0.15375572, 0.24485555],\n",
       "         [0.40301352, 0.09364278, 0.5033437 ],\n",
       "         [0.57490737, 0.26649345, 0.15859918],\n",
       "         [0.03273751, 0.25201199, 0.7152505 ],\n",
       "         [0.05426717, 0.89876258, 0.04697026],\n",
       "         [0.00991872, 0.93657201, 0.05350927],\n",
       "         [0.48808858, 0.50543977, 0.00647165],\n",
       "         [0.05946623, 0.71721077, 0.223323  ],\n",
       "         [0.36694622, 0.0117281 , 0.62132567],\n",
       "         [0.18845263, 0.63788113, 0.17366624],\n",
       "         [0.46671342, 0.18512083, 0.34816575],\n",
       "         [0.86942526, 0.08431919, 0.04625555]]),\n",
       "  array([[0.97808426, 0.0184682 , 0.00344754],\n",
       "         [0.51624463, 0.11194172, 0.37181365],\n",
       "         [0.27839313, 0.34276598, 0.37884089],\n",
       "         [0.0635228 , 0.01066989, 0.92580731],\n",
       "         [0.37337268, 0.36148653, 0.26514079],\n",
       "         [0.60138873, 0.15375572, 0.24485555],\n",
       "         [0.40301352, 0.09364278, 0.5033437 ],\n",
       "         [0.57490737, 0.26649345, 0.15859918],\n",
       "         [0.04205965, 0.22189097, 0.73604938],\n",
       "         [0.07338625, 0.87870278, 0.04791097],\n",
       "         [0.02030085, 0.09686756, 0.88283159],\n",
       "         [0.33801472, 0.47998575, 0.18199953],\n",
       "         [0.15649817, 0.21118324, 0.63231859],\n",
       "         [0.28017933, 0.07867511, 0.64114556],\n",
       "         [0.16163671, 0.6127691 , 0.22559419],\n",
       "         [0.35863061, 0.21881898, 0.42255041],\n",
       "         [0.7872818 , 0.09903554, 0.11368266]]),\n",
       "  array([[0.97808426, 0.0184682 , 0.00344754],\n",
       "         [0.51624463, 0.11194172, 0.37181365],\n",
       "         [0.27839313, 0.34276598, 0.37884089],\n",
       "         [0.0635228 , 0.01066989, 0.92580731],\n",
       "         [0.37337268, 0.36148653, 0.26514079],\n",
       "         [0.60138873, 0.15375572, 0.24485555],\n",
       "         [0.40301352, 0.09364278, 0.5033437 ],\n",
       "         [0.57490737, 0.26649345, 0.15859918],\n",
       "         [0.05073215, 0.19179293, 0.75747492],\n",
       "         [0.09263867, 0.8605635 , 0.04679784],\n",
       "         [0.21420343, 0.05106379, 0.73473278],\n",
       "         [0.1736209 , 0.45032382, 0.37605528],\n",
       "         [0.39743435, 0.1377438 , 0.46482185],\n",
       "         [0.18114111, 0.15096368, 0.66789521],\n",
       "         [0.13692515, 0.58619511, 0.27687974],\n",
       "         [0.24317937, 0.25491413, 0.5019065 ],\n",
       "         [0.71430592, 0.10768043, 0.17801365]]),\n",
       "  array([[0.97808426, 0.0184682 , 0.00344754],\n",
       "         [0.51624463, 0.11194172, 0.37181365],\n",
       "         [0.27839313, 0.34276598, 0.37884089],\n",
       "         [0.0635228 , 0.01066989, 0.92580731],\n",
       "         [0.37337268, 0.36148653, 0.26514079],\n",
       "         [0.60138873, 0.15375572, 0.24485555],\n",
       "         [0.40301352, 0.09364278, 0.5033437 ],\n",
       "         [0.57490737, 0.26649345, 0.15859918],\n",
       "         [0.05817672, 0.16258256, 0.77924072],\n",
       "         [0.11548595, 0.83577186, 0.04874219],\n",
       "         [0.29683648, 0.120652  , 0.58251151],\n",
       "         [0.0028024 , 0.41917587, 0.57802172],\n",
       "         [0.64013031, 0.06439336, 0.29547632],\n",
       "         [0.0623146 , 0.23358469, 0.70410071],\n",
       "         [0.1141212 , 0.55803839, 0.32784041],\n",
       "         [0.10923254, 0.29907896, 0.5916885 ],\n",
       "         [0.63846698, 0.11799198, 0.24354104]]),\n",
       "  array([[0.97808426, 0.0184682 , 0.00344754],\n",
       "         [0.51624463, 0.11194172, 0.37181365],\n",
       "         [0.27839313, 0.34276598, 0.37884089],\n",
       "         [0.0635228 , 0.01066989, 0.92580731],\n",
       "         [0.37337268, 0.36148653, 0.26514079],\n",
       "         [0.60138873, 0.15375572, 0.24485555],\n",
       "         [0.40301352, 0.09364278, 0.5033437 ],\n",
       "         [0.57490737, 0.26649345, 0.15859918],\n",
       "         [0.06459782, 0.13315237, 0.80224981],\n",
